531  2142.21
196  4704.38
453  4503.42
633  7537.24
706  2264.82
544  2310.87
583  1472.93
749  7542.35
897  3624.65
403  1505.86
935  2448.84
2.7  3355.97
128  6935.37
536  2251.16
682  6627.4
493  5452.36
395  6485.91
694  5643.99
622  4663.94
828  7371.38
106  4980.07
133  7196.31
679  5280.19
567  4496.11
278  6968.25
934  4319.3
561  2480.97
805  7247.1
835  2563.89
396  6881.75
702  2892.35
707  5566.52
426  7000.95
927  2538.39
773  3595.36
360  2358.47
782  7376.91
485  7092.47
432  3253.25
575  3824.68
