767  5372.1
629  4202.83
261  7592.87
643  6244.64
653  3053.11
741  5216.11
908  6256.88
807  1189.42
823  3560.89
300  6984.74
526  3590.46
650  2251.31
461  4976.54
990  5738.99
932  2605.01
909  1860.38
983  5555.26
270  5158.21
921  1669.76
553  1063.88
512  4564.42
668  5171.58
407  2747.21
448  3902.8
336  5886.13
614  7008.59
123  5131.72
500  4691.31
923  6978.22
392  1406.76
312  4424.88
300  2760.69
306  6993.88
129  7603.64
861  1228.93
546  7867.69
226  4342.32
521  5526.87
859  3380.37
830  4136.61
