171  3473.84
361  7836.85
700  5589.74
418  6161.49
557  3897.8
870  4966.81
912  6003.24
966  4691.6
515  3754.98
229  3088.78
701  4213.08
881  6162.83
329  5996.27
976  7059.92
330  3435.85
475  3382.61
569  3735.78
199  4346.22
136  3979.04
481  5509.88
236  3578.54
684  6091.59
138  7822.78
275  6767.13
278  1781.1
948  3698.7
724  6919.72
265  1090.32
732  6352.67
422  6293.26
454  6019.02
124  1306.76
511  3449.37
836  7488.86
719  3940.23
591  7117.27
432  4702.53
895  2722.94
607  3980.05
143  2606.15
