614  4340.05
896  2915.98
959  3539.25
723  4733.01
239  6749.53
707  2962.61
824  4237.25
378  5117.19
206  5328.56
559  7721.78
395  2137.55
369  6990.85
699  2579.22
786  7367.54
527  3699.33
540  1951.18
257  6621.68
520  6118.13
428  1086.29
560  7903.55
826  3388.44
792  7928.77
885  7252.09
720  1595.9
990  1410.27
308  5350.53
665  2905.73
623  1394.76
801  2696.53
950  4566.51
919  3058.5
186  2751.79
575  2219.31
506  4632.47
371  1509.07
413  5008.6
762  1197.28
967  3549.13
352  4314.5
654  1910.33
