611  2081.37
211  2891.94
785  5334.27
206  6789.1
530  2626.3
940  2896.74
736  5146.66
339  3380.77
381  5492.31
635  5732.82
913  4046.7
716  6380.26
877  6739.46
982  2856.55
407  4595.13
487  3616.07
650  6955.45
897  4574.35
570  2209.93
986  3300.51
726  6914.77
816  5203.93
330  5034.77
623
576  1099.71
827  1679.08
715  6483.67
436  4781.14
874  1494.24
249  5341.41
595  1815.69
460  4213.61
999  6196.86
771  1759.8
910  6059.46
884  1049.55
681  4344.07
467  5068.04
893  3713.92
814  1711.34
